{
  "n_runs": 2450,
  "n_conditions": 49,
  "o2_levels": [
    "21.0",
    "5.0",
    "2.1",
    "0.5",
    "0.1",
    "0.021",
    "0.005"
  ],
  "particle_configs": [
    {
      "key": "electron_mono",
      "particle": "electron",
      "sobp": "mono",
      "let": 0.2,
      "label": "Electron mono (0.2 keV/\u00b5m)"
    },
    {
      "key": "proton_psobp",
      "particle": "proton",
      "sobp": "psobp",
      "let": 4.6,
      "label": "Proton pSOBP (4.6 keV/\u00b5m)"
    },
    {
      "key": "proton_dsobp",
      "particle": "proton",
      "sobp": "dsobp",
      "let": 8.1,
      "label": "Proton dSOBP (8.1 keV/\u00b5m)"
    },
    {
      "key": "helium_psobp",
      "particle": "helium",
      "sobp": "psobp",
      "let": 10.0,
      "label": "Helium pSOBP (10 keV/\u00b5m)"
    },
    {
      "key": "helium_dsobp",
      "particle": "helium",
      "sobp": "dsobp",
      "let": 30.0,
      "label": "Helium dSOBP (30 keV/\u00b5m)"
    },
    {
      "key": "carbon_psobp",
      "particle": "carbon",
      "sobp": "psobp",
      "let": 40.9,
      "label": "Carbon pSOBP (40.9 keV/\u00b5m)"
    },
    {
      "key": "carbon_dsobp",
      "particle": "carbon",
      "sobp": "dsobp",
      "let": 70.7,
      "label": "Carbon dSOBP (70.7 keV/\u00b5m)"
    }
  ],
  "h0": {
    "within_mean": 7.439227448933723,
    "within_median": 6.5998711585998535,
    "within_std": 4.032542495871111,
    "between_mean": 43.05706482736274,
    "between_median": 15.83161735534668,
    "between_std": 52.88303258185661,
    "separation_ratio": 2.3987767298635143,
    "condition_mean_matrix": [
      [
        13.927960022322985,
        14.836744459342956,
        20.830479078388215,
        53.51382033615112,
        97.82929132232665,
        116.2155860900879,
        120.50539157409668,
        165.3900583984375,
        165.31148309326173,
        165.51670960083007,
        165.27126420898438,
        164.83668659057616,
        164.7991907409668,
        164.6799312133789,
        174.42395345458985,
        174.06270758666992,
        173.6436755065918,
        171.84768045654297,
        169.6616223876953,
        168.44739478759766,
        168.21520182495118,
        164.8363178527832,
        165.01700197753905,
        165.3320580932617,
        165.8610352722168,
        166.26028880615235,
        166.05559193115235,
        165.9939066040039,
        174.33385985717774,
        174.18412719726564,
        173.85925244750976,
        172.56327673339842,
        170.74180769653321,
        169.9881049133301,
        169.8502524108887,
        169.28561528320313,
        169.2395007019043,
        169.650483984375,
        169.97751225585938,
        169.27304873046876,
        169.23656438598633,
        169.2617984802246,
        170.38074218139647,
        170.42534786376953,
        170.6369299621582,
        170.50717436523436,
        170.30042465820313,
        169.94399772338866,
        169.94987921142578
      ],
      [
        14.836744459342956,
        13.873540465880414,
        16.484582839679717,
        47.160891180038455,
        91.55138565368652,
        110.06209624938965,
        114.38458718261718,
        160.64121032104492,
        160.5614376586914,
        160.77045739746094,
        160.52821932373047,
        160.08438922729493,
        160.0292479675293,
        159.9020162902832,
        169.85894877929687,
        169.4958842895508,
        169.07325961914063,
        167.25422334594725,
        165.02404619750976,
        163.77729716186522,
        163.53548469238282,
        160.0128225097656,
        160.1987574279785,
        160.51330193481445,
        161.05533688964843,
        161.47611317749025,
        161.27308629150392,
        161.21389360961913,
        169.73619317016602,
        169.58586709594726,
        169.25771677246092,
        167.94976192016603,
        166.09882344970703,
        165.33316865844728,
        165.1925498840332,
        164.4264746887207,
        164.38985299072266,
        164.8147199951172,
        165.16388189086913,
        164.49299549560547,
        164.4634564086914,
        164.49103995361327,
        165.55734876098632,
        165.60687161254882,
        165.82394338989258,
        165.7123928955078,
        165.525125579834,
        165.17387275390624,
        165.1811990234375
      ],
      [
        20.830479078388215,
        16.484582839679717,
        13.297308544626041,
        36.592016798973084,
        81.01485217437744,
        99.74536515197754,
        104.1336967590332,
        153.1102951538086,
        153.0276126220703,
        153.24058798828125,
        152.99389840087892,
        152.50596412353516,
        152.40422271728517,
        152.25662709960937,
        162.53933785400392,
        162.17305115356444,
        161.7430831237793,
        159.88341860351562,
        157.56501575927734,
        156.25678195800782,
        155.99647678833009,
        152.35425956420897,
        152.54884025878906,
        152.86176060791016,
        153.4190919189453,
        153.85646768188477,
        153.63811757202149,
        153.5750034667969,
        162.35396669311524,
        162.2036501159668,
        161.8696754272461,
        160.54019553222656,
        158.63366825561525,
        157.8406789855957,
        157.6934373474121,
        156.69439591674805,
        156.6736651916504,
        157.12079084472657,
        157.5025576538086,
        156.87521260375976,
        156.8474418823242,
        156.87451171875,
        157.8763299194336,
        157.93343406982422,
        158.15993481445312,
        158.07365593261719,
        157.90927719726562,
        157.56103116455077,
        157.5685622314453
      ],
      [
        53.51382033615112,
        47.160891180038455,
        36.592016798973084,
        13.543622213091169,
        46.80468880310059,
        66.03573172302247,
        70.61821551513673,
        128.85472590637207,
        128.76998038635253,
        128.99343771972656,
        128.73996768493652,
        128.1596425262451,
        127.90905178833007,
        127.6971381286621,
        139.01076760864257,
        138.63500113830565,
        138.1913478942871,
        136.23737054138184,
        133.67053424682618,
        132.15850523376466,
        131.83849452514647,
        127.6476093170166,
        127.87274494018554,
        128.18558507995604,
        128.78589837646484,
        129.31429204711915,
        129.05903046875,
        128.9931471496582,
        138.61535486450197,
        138.46566821899415,
        138.1163706665039,
        136.72520312805176,
        134.67476913452148,
        133.80493489990235,
        133.63477407226563,
        131.67337972717286,
        131.71046753845215,
        132.22889088439942,
        132.7259821411133,
        132.295519821167,
        132.28101618041993,
        132.31570877075194,
        133.00045746765136,
        133.08325662841796,
        133.33445214538574,
        133.36008719787597,
        133.28916763305665,
        132.98075424194337,
        132.98880068359375
      ],
      [
        97.82929132232665,
        91.55138565368652,
        81.01485217437744,
        46.80468880310059,
        12.02674089859943,
        22.13872776260376,
        26.4704081114769,
        97.50535583190918,
        97.4058103515625,
        97.63273462524414,
        97.43370372009278,
        96.89687527770997,
        96.52529668579102,
        96.27526395874024,
        108.66462477416992,
        108.2757016418457,
        107.81969296875,
        105.81038583068847,
        103.08378291320801,
        101.39664372253418,
        101.01509706420899,
        95.51134131469726,
        95.78246141357423,
        96.04766749572754,
        96.74399041442871,
        97.54207929382324,
        97.37513551330566,
        97.3569307220459,
        107.97091374206543,
        107.81993193969727,
        107.46118669738769,
        106.01470841064453,
        103.90636467895507,
        103.00729458312988,
        102.80965046691894,
        98.92455340576171,
        99.08103746643066,
        99.67230457458496,
        100.37960778198241,
        100.44027735595704,
        100.50439071044921,
        100.56133199157715,
        100.43827931518555,
        100.55453736572265,
        100.82733170471191,
        101.10346424865723,
        101.29327675476074,
        101.10709680175782,
        101.12760893554687
      ],
      [
        116.2155860900879,
        110.06209624938965,
        99.74536515197754,
        66.03573172302247,
        22.13872776260376,
        11.431482160529312,
        12.034747421073913,
        83.84705211791992,
        83.73321770019531,
        83.92939381408691,
        83.72652716979981,
        83.24028462677002,
        82.83844453430176,
        82.59381720581055,
        95.38081148681641,
        94.98101155395508,
        94.51441134033203,
        92.478525,
        89.73160924377441,
        88.02563092956542,
        87.62479247741699,
        81.41307227630615,
        81.68628076934814,
        81.90146102294922,
        82.6008277481079,
        83.54384341278076,
        83.45310986328126,
        83.48072463378907,
        94.54112758178711,
        94.38484418334961,
        94.0174854095459,
        92.54010178527832,
        90.44114861450196,
        89.54971694946289,
        89.34523824768067,
        84.37873698883057,
        84.59716889038086,
        85.18941716918945,
        85.98979360809327,
        86.36110141601563,
        86.47120831298828,
        86.5374375213623,
        85.9412045928955,
        86.06370503234864,
        86.3348806488037,
        86.75700645141602,
        87.11166702575683,
        87.00259452514648,
        87.02771652221679
      ],
      [
        120.50539157409668,
        114.38458718261718,
        104.1336967590332,
        70.61821551513673,
        26.4704081114769,
        12.034747421073913,
        11.293784034106196,
        80.42459609069824,
        80.30120435943604,
        80.48482253570556,
        80.25934208679199,
        79.76276426391601,
        79.3440832244873,
        79.09820308074951,
        91.90373676452637,
        91.50080964050294,
        91.03041458740235,
        88.98172940063476,
        86.22996679382324,
        84.52553836975098,
        84.12070887145997,
        77.92552860565185,
        78.19369232330322,
        78.38685090026856,
        79.06295851135253,
        80.01364464874267,
        79.92605704650879,
        79.95459489746094,
        91.02165395202637,
        90.86311060180664,
        90.49238883056641,
        89.00532686157227,
        86.90847770080566,
        86.01928037414551,
        85.81322194824219,
        80.74166721191406,
        80.97063394470214,
        81.55938745727539,
        82.36376543426513,
        82.78496288757324,
        82.90021818847656,
        82.96629779052735,
        82.29806789398194,
        82.41901412963867,
        82.68778895874023,
        83.129642578125,
        83.51196899108886,
        83.41400435485839,
        83.43941155700684
      ],
      [
        165.3900583984375,
        160.64121032104492,
        153.1102951538086,
        128.85472590637207,
        97.50535583190918,
        83.84705211791992,
        80.42459609069824,
        8.714569543137843,
        8.5835338088274,
        9.092640531396865,
        12.511658481407165,
        18.440304264831543,
        21.20223472518921,
        21.885278911590575,
        15.866176524543762,
        15.9616614402771,
        16.61587585926056,
        19.76094326057434,
        24.081788830947875,
        25.64312869949341,
        26.101251870727538,
        9.830396709918976,
        9.518723649597169,
        9.59044770565033,
        12.203026635360718,
        17.86203211250305,
        20.547740394210816,
        21.317273176956178,
        16.566966892051695,
        16.778069952201843,
        17.21863064594269,
        19.634087944793702,
        23.088589297485353,
        24.472440509796144,
        24.800897359466553,
        10.766084099006653,
        10.903006626319884,
        11.442224649715424,
        14.559064946556092,
        19.128274671554564,
        21.093407244110107,
        21.65745019836426,
        12.790661987495422,
        13.196208954811096,
        13.840067426490783,
        16.199709525108336,
        19.65530516796112,
        20.955317584228517,
        21.324342097473146
      ],
      [
        165.31148309326173,
        160.5614376586914,
        153.0276126220703,
        128.76998038635253,
        97.4058103515625,
        83.73321770019531,
        80.30120435943604,
        8.5835338088274,
        8.524386145533347,
        8.587682400727273,
        11.600744179153443,
        17.38902802848816,
        20.121073841094972,
        20.799574306106567,
        15.404695274734497,
        15.34631509513855,
        15.75450424118042,
        18.62441306438446,
        22.918199183273316,
        24.478710298538207,
        24.936925326156615,
        10.123832097816468,
        9.591990325832366,
        9.333175275707244,
        11.435948774433136,
        16.854680252456664,
        19.500525247955323,
        20.260849198532103,
        15.964356433773041,
        16.076989661598205,
        16.364008266735077,
        18.509812936401367,
        21.923358517074586,
        23.30465150756836,
        23.63281732368469,
        10.504974367713928,
        10.502789611434936,
        10.844916552639008,
        13.624345237350465,
        18.066940651702883,
        20.0161991191864,
        20.57763784790039,
        12.103743902015687,
        12.452519449996949,
        13.02368437690735,
        15.218762166023254,
        18.595858099365234,
        19.880720218276977,
        20.246598456573487
      ],
      [
        165.51670960083007,
        160.77045739746094,
        153.24058798828125,
        128.99343771972656,
        97.63273462524414,
        83.92939381408691,
        80.48482253570556,
        9.092640531396865,
        8.587682400727273,
        8.34594072497621,
        10.199982975387574,
        15.65419295310974,
        18.3291305311203,
        19.001970515060425,
        14.789469699478149,
        14.568391406822204,
        14.609075727653503,
        16.797587257575987,
        21.04300063972473,
        22.608142821121216,
        23.066231833648683,
        11.025615296936035,
        10.219222727775573,
        9.410770333385468,
        10.32144518661499,
        15.185082979011536,
        17.7376524723053,
        18.479587662887575,
        15.167014512443542,
        15.155590090751648,
        15.20093238363266,
        16.741717450523378,
        20.050142237854004,
        21.42639065284729,
        21.75456442527771,
        10.416157493782043,
        10.18595215177536,
        10.158709490871429,
        12.135854579257964,
        16.285043006515505,
        18.189651203536986,
        18.74306551246643,
        11.1860871717453,
        11.408559433937073,
        11.799513706684113,
        13.611108527755738,
        16.806585606384278,
        18.056710150146483,
        18.41494413986206
      ],
      [
        165.27126420898438,
        160.52821932373047,
        152.99389840087892,
        128.73996768493652,
        97.43370372009278,
        83.72652716979981,
        80.25934208679199,
        12.511658481407165,
        11.600744179153443,
        10.199982975387574,
        7.4046531210140305,
        10.520905649662017,
        12.909789838027955,
        13.554939239501953,
        14.340779281806945,
        13.9383366065979,
        13.476876662826538,
        12.20880512046814,
        15.246158148574828,
        16.8023253364563,
        17.260549580001832,
        15.212313550758362,
        14.03146985168457,
        12.372287278175355,
        8.683405686569214,
        10.314404045581817,
        12.460607012748719,
        13.125489020729065,
        14.180489549827575,
        13.997113775253295,
        13.65366881427765,
        12.78383415260315,
        14.358510691070556,
        15.629202222061156,
        15.94932753829956,
        12.23221353969574,
        11.54551880569458,
        10.67944706954956,
        9.312506169986724,
        10.994773484230041,
        12.656406079864501,
        13.170918046951295,
        10.588664888191223,
        10.428739007759095,
        10.174721962070466,
        9.911213441085815,
        11.540797375202178,
        12.5708207736969,
        12.883223855209351
      ],
      [
        164.83668659057616,
        160.08438922729493,
        152.50596412353516,
        128.1596425262451,
        96.89687527770997,
        83.24028462677002,
        79.76276426391601,
        18.440304264831543,
        17.38902802848816,
        15.65419295310974,
        10.520905649662017,
        6.410284323400381,
        7.100422904205322,
        7.542515424728394,
        14.725715815925598,
        14.256851740264892,
        13.652211887550354,
        11.204101627349853,
        9.202392707443238,
        9.659572772121429,
        10.014047649288177,
        21.736583777618407,
        20.399941342163086,
        18.498854311561583,
        13.071097521018983,
        7.398945871686935,
        7.170190978145599,
        7.479289161205291,
        14.13037067604065,
        13.865129230117798,
        13.384682988929749,
        11.655833552360535,
        9.800126960468292,
        9.546162926006318,
        9.596403180980682,
        17.44483831176758,
        16.445327318000793,
        15.001149933815002,
        11.423463565158844,
        7.94254130487442,
        7.669522224712372,
        7.759622977256775,
        13.834271987533569,
        13.39628788394928,
        12.65079777727127,
        10.379263878059387,
        8.523045274829865,
        8.162907572889328,
        8.150876801252364
      ],
      [
        164.7991907409668,
        160.0292479675293,
        152.40422271728517,
        127.90905178833007,
        96.52529668579102,
        82.83844453430176,
        79.3440832244873,
        21.20223472518921,
        20.121073841094972,
        18.3291305311203,
        12.909789838027955,
        7.100422904205322,
        6.06167045495948,
        6.005781147629023,
        15.478069055175782,
        14.975794638824462,
        14.302490109252929,
        11.625678824996948,
        8.75594824771881,
        7.794209141969681,
        7.795625603199005,
        24.642448529815674,
        23.27942781562805,
        21.330299184417726,
        15.630953129005432,
        8.777745829677581,
        6.769518857049942,
        6.556492470884323,
        14.740582276153564,
        14.432644500732422,
        13.896909900856018,
        11.961691750526429,
        9.655336431598663,
        8.841684949684144,
        8.709104201507568,
        20.073421517562867,
        19.017161532974242,
        17.451212613868712,
        13.366640422058106,
        8.805478618812561,
        7.788390877532959,
        7.621016814613342,
        16.01055087432861,
        15.498196843528747,
        14.647405362510682,
        11.89266741962433,
        9.188904224777222,
        8.3685429479599,
        8.20683227033615
      ],
      [
        164.6799312133789,
        159.9020162902832,
        152.25662709960937,
        127.6971381286621,
        96.27526395874024,
        82.59381720581055,
        79.09820308074951,
        21.885278911590575,
        20.799574306106567,
        19.001970515060425,
        13.554939239501953,
        7.542515424728394,
        6.005781147629023,
        5.991369335991996,
        15.725890773010255,
        15.220237813949584,
        14.534710834503175,
        11.816067678642273,
        8.852370584869385,
        7.634171290445328,
        7.510955241060257,
        25.358824672698976,
        23.994727418518067,
        22.03996494026184,
        16.30592759628296,
        9.312467667961121,
        7.026030002355576,
        6.6887169816493985,
        14.960560301589966,
        14.644621547698975,
        14.09770464668274,
        12.12355773410797,
        9.753673113918305,
        8.874446244001389,
        8.714128314685821,
        20.765335679244995,
        19.700330068969727,
        18.124033850860595,
        13.964645285797118,
        9.216817370224,
        8.070462522125244,
        7.862879451704026,
        16.638659433555603,
        16.115675208473206,
        15.254611670303344,
        12.418278734970093,
        9.561843200874328,
        8.65750925245285,
        8.469642344474792
      ],
      [
        174.42395345458985,
        169.85894877929687,
        162.53933785400392,
        139.01076760864257,
        108.66462477416992,
        95.38081148681641,
        91.90373676452637,
        15.866176524543762,
        15.404695274734497,
        14.789469699478149,
        14.340779281806945,
        14.725715815925598,
        15.478069055175782,
        15.725890773010255,
        4.9686314407660035,
        4.945172678935528,
        5.420616797065735,
        7.825787850379944,
        11.562119169616698,
        13.143561233520508,
        13.561178958892823,
        19.423890168762206,
        18.64181888580322,
        17.814673373031617,
        16.643349956035614,
        15.952315930557251,
        16.02879189758301,
        16.04080149669647,
        5.354863809108734,
        5.442270673131943,
        5.7843212395191195,
        7.708329331111908,
        10.672331950569152,
        11.891734237861634,
        12.180670791816711,
        15.948018365859985,
        15.37663676071167,
        14.718270098304748,
        14.176747442626953,
        14.00650547504425,
        14.39847864151001,
        14.554480510330201,
        14.302690134429932,
        14.236611962509155,
        14.108425498771668,
        13.74124116306305,
        14.17702094154358,
        14.405393320083618,
        14.485797986984252
      ],
      [
        174.06270758666992,
        169.4958842895508,
        162.17305115356444,
        138.63500113830565,
        108.2757016418457,
        94.98101155395508,
        91.50080964050294,
        15.9616614402771,
        15.34631509513855,
        14.568391406822204,
        13.9383366065979,
        14.256851740264892,
        14.975794638824462,
        15.220237813949584,
        4.945172678935528,
        4.915047631555674,
        5.068339448428154,
        7.234432423210144,
        10.931686420059204,
        12.515680563354492,
        12.932536105537414,
        19.597895736503602,
        18.662871482658385,
        17.636635931777953,
        16.237281237983705,
        15.461311554336548,
        15.514469761657715,
        15.521361839675903,
        5.275534606838226,
        5.255112484502792,
        5.445174914836883,
        7.129101744747162,
        10.042688221359253,
        11.254529396247865,
        11.542771068572998,
        15.920299410629273,
        15.234811358261108,
        14.432216837978363,
        13.68672228717804,
        13.450917583656311,
        13.818379683876037,
        13.967701593208313,
        13.993536883735656,
        13.88300348625183,
        13.700765693855285,
        13.22981793422699,
        13.603734552764893,
        13.819776518630981,
        13.896370258712768
      ],
      [
        173.6436755065918,
        169.07325961914063,
        161.7430831237793,
        138.1913478942871,
        107.81969296875,
        94.51441134033203,
        91.03041458740235,
        16.61587585926056,
        15.75450424118042,
        14.609075727653503,
        13.476876662826538,
        13.652211887550354,
        14.302490109252929,
        14.534710834503175,
        5.420616797065735,
        5.068339448428154,
        4.924347184823484,
        6.32016938624382,
        9.879240493392944,
        11.463390608024596,
        11.875634628105164,
        20.35539337863922,
        19.204305561256408,
        17.792395116996765,
        15.778307550430299,
        14.816225341033936,
        14.816495105361938,
        14.808450555992126,
        5.497731108474731,
        5.299806822061539,
        5.191642360067368,
        6.2631286941051485,
        9.015420917034149,
        10.19189981098175,
        10.472980788612366,
        16.343803431129455,
        15.47470866394043,
        14.394141182613373,
        13.09527359199524,
        12.686348684692383,
        12.986940392112732,
        13.114486207580567,
        13.848649568176269,
        13.637808495903014,
        13.321125955963135,
        12.590188002586364,
        12.805468898391723,
        12.985988505744935,
        13.05219391593933
      ],
      [
        171.84768045654297,
        167.25422334594725,
        159.88341860351562,
        136.23737054138184,
        105.81038583068847,
        92.478525,
        88.98172940063476,
        19.76094326057434,
        18.62441306438446,
        16.797587257575987,
        12.20880512046814,
        11.204101627349853,
        11.625678824996948,
        11.816067678642273,
        7.825787850379944,
        7.234432423210144,
        6.32016938624382,
        4.085405982270533,
        6.3816719617366795,
        7.952641377067566,
        8.354225613689422,
        23.591060068130492,
        22.228963918876648,
        20.23422726173401,
        14.881404821443558,
        12.30527817697525,
        12.103510537338257,
        12.046879876327514,
        7.361929057693481,
        6.911288174629211,
        6.260687577247619,
        4.509855454874039,
        5.619491459751129,
        6.674969509601593,
        6.939791275691986,
        18.92567324733734,
        17.794421731376648,
        16.16504167098999,
        12.030543352031708,
        9.860539893722533,
        9.930732239627838,
        10.004853658103944,
        14.895375575828552,
        14.347449711036683,
        13.478277401161193,
        10.962454679107665,
        9.950515406799317,
        9.963368387031554,
        9.990523265075684
      ],
      [
        169.6616223876953,
        165.02404619750976,
        157.56501575927734,
        133.67053424682618,
        103.08378291320801,
        89.73160924377441,
        86.22996679382324,
        24.081788830947875,
        22.918199183273316,
        21.04300063972473,
        15.246158148574828,
        9.202392707443238,
        8.75594824771881,
        8.852370584869385,
        11.562119169616698,
        10.931686420059204,
        9.879240493392944,
        6.3816719617366795,
        3.4315645852380867,
        4.0685814928531645,
        4.384416491603852,
        27.917243100357055,
        26.53123960647583,
        24.490778693008423,
        18.32756070690155,
        10.745956213712692,
        9.316857321166992,
        9.10643920493126,
        10.872802184677123,
        10.353796919441223,
        9.581712566375732,
        6.869813140773773,
        4.024765712976456,
        3.613160956978798,
        3.6347219611644745,
        22.999516513824464,
        21.843716617584228,
        20.135648287963868,
        15.177532978057862,
        9.143612716960908,
        7.684383331394195,
        7.429117734336853,
        18.451890642929076,
        17.81051742630005,
        16.786703088760376,
        13.204287758636475,
        9.332038644599914,
        8.197277255153656,
        7.972114578533173
      ],
      [
        168.44739478759766,
        163.77729716186522,
        156.25678195800782,
        132.15850523376466,
        101.39664372253418,
        88.02563092956542,
        84.52553836975098,
        25.64312869949341,
        24.478710298538207,
        22.608142821121216,
        16.8023253364563,
        9.659572772121429,
        7.794209141969681,
        7.634171290445328,
        13.143561233520508,
        12.515680563354492,
        11.463390608024596,
        7.952641377067566,
        4.0685814928531645,
        3.2888992677416122,
        3.2384873564481733,
        29.488926182556153,
        28.10153990974426,
        26.063548486328123,
        19.882482448387147,
        11.731727094554902,
        8.86261241850853,
        8.296565310907363,
        12.418637145423888,
        11.90245637741089,
        11.12913569278717,
        8.399476626586914,
        5.18120108499527,
        4.0601224276542665,
        3.855014892911911,
        24.56735155143738,
        23.415333125305175,
        21.7116184715271,
        16.76389471244812,
        10.439457428836823,
        8.394315951251984,
        7.908470067405701,
        19.9483480758667,
        19.308316718673705,
        18.293815467834474,
        14.695500839042664,
        10.562743125915528,
        9.06745372133255,
        8.724924054622651
      ],
      [
        168.21520182495118,
        163.53548469238282,
        155.99647678833009,
        131.83849452514647,
        101.01509706420899,
        87.62479247741699,
        84.12070887145997,
        26.101251870727538,
        24.936925326156615,
        23.066231833648683,
        17.260549580001832,
        10.014047649288177,
        7.795625603199005,
        7.510955241060257,
        13.561178958892823,
        12.932536105537414,
        11.875634628105164,
        8.354225613689422,
        4.384416491603852,
        3.2384873564481733,
        3.1714809078099777,
        29.948774660491942,
        28.56127021255493,
        26.522022803497315,
        20.334897589683532,
        12.13850941438675,
        9.035792130041122,
        8.361954327821731,
        12.819565312004089,
        12.301400005722046,
        11.525496375465393,
        8.783933910942078,
        5.520897787857056,
        4.310763701105118,
        4.06944661192894,
        25.000634125137328,
        23.848629486083983,
        22.144190715408325,
        17.193674778366088,
        10.839288290023804,
        8.727951052093506,
        8.213661768436431,
        20.360801639556886,
        19.71922887687683,
        18.70570939941406,
        15.104061126327515,
        10.942904219055176,
        9.411776062297822,
        9.054934964752198
      ],
      [
        164.8363178527832,
        160.0128225097656,
        152.35425956420897,
        127.6476093170166,
        95.51134131469726,
        81.41307227630615,
        77.92552860565185,
        9.830396709918976,
        10.123832097816468,
        11.025615296936035,
        15.212313550758362,
        21.736583777618407,
        24.642448529815674,
        25.358824672698976,
        19.423890168762206,
        19.597895736503602,
        20.35539337863922,
        23.591060068130492,
        27.917243100357055,
        29.488926182556153,
        29.948774660491942,
        9.398757414915124,
        9.304216340279579,
        9.867042898988723,
        13.726511063575744,
        20.61225552482605,
        23.624466973114014,
        24.48103082084656,
        20.10867147541046,
        20.371830088996887,
        20.891444481658937,
        23.43126406059265,
        26.910049660110474,
        28.30097220993042,
        28.63229328956604,
        11.358665026664735,
        11.831636503982544,
        12.771036547279358,
        16.740173274040224,
        22.18036649017334,
        24.31445619277954,
        24.9038615486145,
        14.490444798755647,
        15.008817769050598,
        15.788388729095459,
        18.730331157112122,
        22.685663290023804,
        24.11440895385742,
        24.50995160446167
      ],
      [
        165.01700197753905,
        160.1987574279785,
        152.54884025878906,
        127.87274494018554,
        95.78246141357423,
        81.68628076934814,
        78.19369232330322,
        9.518723649597169,
        9.591990325832366,
        10.219222727775573,
        14.03146985168457,
        20.399941342163086,
        23.27942781562805,
        23.994727418518067,
        18.64181888580322,
        18.662871482658385,
        19.204305561256408,
        22.228963918876648,
        26.53123960647583,
        28.10153990974426,
        28.56127021255493,
        9.304216340279579,
        9.284311842042573,
        9.343428696131706,
        12.688399964523315,
        19.30384435157776,
        22.26871967048645,
        23.11898175125122,
        19.218860752296447,
        19.388847692489623,
        19.767733217811585,
        22.079497453308104,
        25.523977965545654,
        26.910948319625856,
        27.24162460670471,
        10.800371516418457,
        11.12490256319046,
        11.859398580837249,
        15.509420664787292,
        20.822355631637574,
        22.932565801239015,
        23.517034938049317,
        13.497223139572144,
        13.956191991519928,
        14.659746966171264,
        17.444358767318725,
        21.313188380241392,
        22.729944480514526,
        23.12197296333313
      ],
      [
        165.3320580932617,
        160.51330193481445,
        152.86176060791016,
        128.18558507995604,
        96.04766749572754,
        81.90146102294922,
        78.38685090026856,
        9.59044770565033,
        9.333175275707244,
        9.410770333385468,
        12.372287278175355,
        18.498854311561583,
        21.330299184417726,
        22.03996494026184,
        17.814673373031617,
        17.636635931777953,
        17.792395116996765,
        20.23422726173401,
        24.490778693008423,
        26.063548486328123,
        26.522022803497315,
        9.867042898988723,
        9.343428696131706,
        9.087225481928611,
        11.203929627227783,
        17.41952846031189,
        20.320120114898682,
        21.15735475692749,
        18.146763798141478,
        18.179650026512146,
        18.313780123901367,
        20.09902474975586,
        23.469101469802858,
        24.8542956161499,
        25.18469279174805,
        10.15708706512451,
        10.26293127641678,
        10.673429500102996,
        13.700128283786773,
        18.835264722251893,
        20.92017448692322,
        21.498211434173584,
        12.12418488521576,
        12.481788695621491,
        13.0454382853508,
        15.557706706047059,
        19.316417761039734,
        20.71564405193329,
        21.103605168533324
      ],
      [
        165.8610352722168,
        161.05533688964843,
        153.4190919189453,
        128.78589837646484,
        96.74399041442871,
        82.6008277481079,
        79.06295851135253,
        12.203026635360718,
        11.435948774433136,
        10.32144518661499,
        8.683405686569214,
        13.071097521018983,
        15.630953129005432,
        16.30592759628296,
        16.643349956035614,
        16.237281237983705,
        15.778307550430299,
        14.881404821443558,
        18.32756070690155,
        19.882482448387147,
        20.334897589683532,
        13.726511063575744,
        12.688399964523315,
        11.203929627227783,
        8.79578182979506,
        12.1676934343338,
        14.691633767700194,
        15.459396425056458,
        16.448741909503937,
        16.266432699489595,
        15.928810323619842,
        15.27135879650116,
        17.358632646751403,
        18.671833168792723,
        18.993955990219117,
        11.211591514968871,
        10.773818612098694,
        10.217721928024291,
        9.910513850021362,
        13.132780436897278,
        15.02419752960205,
        15.56586243877411,
        10.587072131538392,
        10.538176653194428,
        10.435385855007171,
        11.031537175369262,
        13.59271718044281,
        14.846196141815186,
        15.197723170280456
      ],
      [
        166.26028880615235,
        161.47611317749025,
        153.85646768188477,
        129.31429204711915,
        97.54207929382324,
        83.54384341278076,
        80.01364464874267,
        17.86203211250305,
        16.854680252456664,
        15.185082979011536,
        10.314404045581817,
        7.398945871686935,
        8.777745829677581,
        9.312467667961121,
        15.952315930557251,
        15.461311554336548,
        14.816225341033936,
        12.30527817697525,
        10.745956213712692,
        11.731727094554902,
        12.13850941438675,
        20.61225552482605,
        19.30384435157776,
        17.41952846031189,
        12.1676934343338,
        7.49513327812662,
        8.171876274299622,
        8.686633907699585,
        15.31811874332428,
        15.033415386199952,
        14.525990176582336,
        12.71780607328415,
        10.997908642959596,
        11.082583545970916,
        11.222887663555145,
        16.142516617393493,
        15.22976658115387,
        13.82205209465027,
        10.533372771263123,
        8.00901761341095,
        8.256042469596863,
        8.483129653835297,
        12.894956029701232,
        12.484205343818665,
        11.747081634902955,
        9.820748436450959,
        8.50365477104187,
        8.530051682567596,
        8.611092385864257
      ],
      [
        166.05559193115235,
        161.27308629150392,
        153.63811757202149,
        129.05903046875,
        97.37513551330566,
        83.45310986328126,
        79.92605704650879,
        20.547740394210816,
        19.500525247955323,
        17.7376524723053,
        12.460607012748719,
        7.170190978145599,
        6.769518857049942,
        7.026030002355576,
        16.02879189758301,
        15.514469761657715,
        14.816495105361938,
        12.103510537338257,
        9.316857321166992,
        8.86261241850853,
        9.035792130041122,
        23.624466973114014,
        22.26871967048645,
        20.320120114898682,
        14.691633767700194,
        8.171876274299622,
        6.916084039941126,
        6.861591443139314,
        15.2598838514328,
        14.94385185470581,
        14.39109162349701,
        12.402413583564758,
        10.119375291728973,
        9.428691432189941,
        9.342084927368164,
        18.881044373703002,
        17.86532600517273,
        16.303995017814636,
        12.371068676376343,
        8.342844754505158,
        7.5592665457725525,
        7.453498541259766,
        15.015135192489623,
        14.510918285751343,
        13.646060406303405,
        11.087569717884064,
        8.678247955608368,
        8.055571419906617,
        7.945754127788543
      ],
      [
        165.9939066040039,
        161.21389360961913,
        153.5750034667969,
        128.9931471496582,
        97.3569307220459,
        83.48072463378907,
        79.95459489746094,
        21.317273176956178,
        20.260849198532103,
        18.479587662887575,
        13.125489020729065,
        7.479289161205291,
        6.556492470884323,
        6.6887169816493985,
        16.04080149669647,
        15.521361839675903,
        14.808450555992126,
        12.046879876327514,
        9.10643920493126,
        8.296565310907363,
        8.361954327821731,
        24.48103082084656,
        23.11898175125122,
        21.15735475692749,
        15.459396425056458,
        8.686633907699585,
        6.861591443139314,
        6.871068739404484,
        15.242002344322204,
        14.915852269935607,
        14.350042010498047,
        12.31791700782776,
        9.94851018371582,
        9.146860956239701,
        9.01981481423378,
        19.68198787574768,
        18.648152509307863,
        17.065074610710145,
        13.018151992034912,
        8.67746570367813,
        7.69833579864502,
        7.528722721433639,
        15.686241301155091,
        15.163772762870789,
        14.280646368789673,
        11.600175463104248,
        8.961314842128754,
        8.204871949958802,
        8.055280319309235
      ],
      [
        174.33385985717774,
        169.73619317016602,
        162.35396669311524,
        138.61535486450197,
        107.97091374206543,
        94.54112758178711,
        91.02165395202637,
        16.566966892051695,
        15.964356433773041,
